1 2 192
1 64 193
1 78 192
1 98 193
1 99 192
1 132 192
1 135 193
1 192 2
1 192 78
1 192 99
1 192 132
1 192 223
1 192 301
1 192 319
1 193 64
1 193 98
1 193 135
1 193 224
1 193 303
1 223 192
1 224 193
1 301 192
1 303 193
1 319 192
1 323 324
1 324 323
2 1 192
2 5 194
2 56 192
2 89 192
2 131 192
2 192 1
2 192 56
2 192 89
2 192 131
2 192 195
2 192 221
2 192 259
2 192 296
2 192 313
2 194 5
2 194 202
2 195 192
2 202 194
2 221 192
2 259 192
2 296 192
2 313 192
5 2 194
5 20 320
5 78 194
5 99 194
5 132 194
5 194 2
5 194 78
5 194 99
5 194 132
5 194 223
5 194 301
5 194 319
5 223 194
5 301 194
5 319 194
5 320 20
8 313 320
8 320 313
15 21 320
15 320 21
16 64 194
16 98 194
16 135 194
16 194 64
16 194 98
16 194 135
16 194 224
16 194 303
16 224 194
16 303 194
20 5 320
20 320 5
21 15 320
21 203 320
21 320 15
21 320 203
55 85 327
55 134 327
55 216 327
55 312 327
55 327 85
55 327 134
55 327 216
55 327 312
56 2 192
56 64 193
56 78 192
56 98 193
56 99 192
56 132 192
56 135 193
56 192 2
56 192 78
56 192 99
56 192 132
56 192 223
56 192 301
56 192 319
56 193 64
56 193 98
56 193 135
56 193 224
56 193 303
56 223 192
56 224 193
56 301 192
56 303 193
56 319 192
56 323 324
64 1 193
64 16 194
64 56 193
64 89 193
64 131 193
64 193 1
64 193 56
64 193 89
64 193 131
64 193 195
64 193 221
64 193 259
64 193 296
64 193 313
64 194 16
64 195 193
64 221 193
64 259 193
64 296 193
64 313 193
66 70 327
66 133 327
66 222 327
66 314 327
66 327 70
66 327 133
66 327 222
66 327 314
70 66 327
70 74 192
70 112 327
70 137 192
70 167 327
70 192 74
70 192 137
70 192 225
70 225 192
70 327 66
70 327 112
70 327 167
70 333 182
74 70 192
74 85 193
74 133 192
74 134 193
74 192 70
74 192 133
74 192 222
74 192 314
74 193 85
74 193 134
74 193 216
74 193 281
74 193 312
74 216 193
74 222 192
74 281 193
74 312 193
74 314 192
78 1 192
78 5 194
78 56 192
78 89 192
78 131 192
78 192 1
78 192 56
78 192 89
78 192 131
78 192 195
78 192 221
78 192 259
78 192 296
78 192 313
78 194 5
78 194 202
78 195 192
78 202 194
78 221 192
78 259 192
78 296 192
78 313 192
85 55 327
85 74 193
85 88 333
85 111 327
85 137 193
85 166 327
85 178 257
85 181 333
85 193 74
85 193 137
85 193 225
85 204 327
85 225 193
85 253 333
85 257 178
85 257 354
85 318 335
85 325 321
85 326 320
85 327 55
85 327 111
85 327 166
85 327 204
85 333 88
85 333 181
85 333 247
85 333 253
85 333 349
85 354 257
88 85 333
88 134 333
88 216 333
88 281 333
88 312 333
88 333 85
88 333 134
88 333 216
88 333 281
88 333 312
89 2 192
89 64 193
89 78 192
89 98 193
89 99 192
89 132 192
89 135 193
89 192 2
89 192 78
89 192 99
89 192 132
89 192 223
89 192 301
89 192 319
89 193 64
89 193 98
89 193 135
89 193 224
89 193 303
89 223 192
89 224 193
89 301 192
89 303 193
89 319 192
89 323 324
89 324 323
91 123 193
91 126 257
91 193 123
91 257 126
95 123 192
95 192 123
98 1 193
98 16 194
98 56 193
98 89 193
98 131 193
98 193 1
98 193 56
98 193 89
98 193 131
98 193 195
98 193 221
98 193 259
98 193 296
98 193 313
98 194 16
98 195 193
98 221 193
98 259 193
98 296 193
98 313 193
99 1 192
99 5 194
99 56 192
99 89 192
99 131 192
99 192 1
99 192 56
99 192 89
99 192 131
99 192 195
99 192 221
99 192 259
99 192 296
99 192 313
99 194 5
99 194 202
99 195 192
99 202 194
99 221 192
99 259 192
99 296 192
99 313 192
111 85 327
111 134 327
111 216 327
111 312 327
111 327 85
111 327 134
111 327 216
111 327 312
112 70 327
112 133 327
112 222 327
112 314 327
112 327 70
112 327 133
112 327 222
112 327 314
113 327 331
113 331 327
122 323 332
122 332 323
123 91 193
123 95 192
123 192 95
123 193 91
123 193 332
123 332 193
126 91 257
126 257 91
126 257 332
126 332 257
128 317 332
128 332 317
129 160 257
129 257 160
129 257 323
129 323 257
131 2 192
131 64 193
131 78 192
131 98 193
131 99 192
131 132 192
131 135 193
131 192 2
131 192 78
131 192 99
131 192 132
131 192 223
131 192 301
131 192 319
131 193 64
131 193 98
131 193 135
131 193 224
131 193 303
131 223 192
131 224 193
131 301 192
131 303 193
131 319 192
131 323 324
132 1 192
132 5 194
132 56 192
132 89 192
132 131 192
132 192 1
132 192 56
132 192 89
132 192 131
132 192 195
132 192 221
132 192 259
132 192 296
132 192 313
132 194 5
132 194 202
132 195 192
132 202 194
132 221 192
132 259 192
132 296 192
132 313 192
133 66 327
133 74 192
133 112 327
133 137 192
133 167 327
133 192 74
133 192 137
133 192 225
133 225 192
133 327 66
133 327 112
133 327 167
133 333 182
134 55 327
134 74 193
134 111 327
134 137 193
134 166 327
134 178 257
134 181 333
134 193 74
134 193 137
134 193 225
134 204 327
134 225 193
134 253 333
134 257 178
134 257 354
134 318 335
134 325 321
134 326 320
134 327 55
134 327 111
134 327 166
134 327 204
134 333 88
134 333 181
134 333 247
134 333 253
134 333 349
134 354 257
135 1 193
135 16 194
135 56 193
135 89 193
135 131 193
135 193 1
135 193 56
135 193 89
135 193 131
135 193 195
135 193 221
135 193 259
135 193 296
135 193 313
135 194 16
135 195 193
135 221 193
135 259 193
135 296 193
135 313 193
137 70 192
137 85 193
137 133 192
137 134 193
137 192 70
137 192 133
137 192 222
137 192 314
137 193 85
137 193 134
137 193 216
137 193 281
137 193 312
137 216 193
137 222 192
137 281 193
137 312 193
137 314 192
160 129 257
160 257 129
160 257 295
160 295 257
166 85 327
166 134 327
166 216 327
166 312 327
166 327 85
166 327 134
166 327 216
166 327 312
167 70 327
167 133 327
167 314 327
167 327 70
167 327 133
167 327 314
172 193 252
172 252 193
173 333 248
178 85 257
178 134 257
178 216 257
178 257 85
178 257 134
178 257 216
178 257 281
178 257 312
178 281 257
178 312 257
181 85 333
181 134 333
181 216 333
181 281 333
181 312 333
181 333 85
181 333 134
181 333 216
181 333 281
181 333 312
182 70 333
182 133 333
182 222 333
182 314 333
182 333 70
182 333 133
182 333 222
182 333 314
190 313 320
190 320 313
192 1 2
192 1 78
192 1 99
192 1 132
192 1 223
192 1 301
192 1 319
192 2 1
192 2 56
192 2 89
192 2 131
192 2 195
192 2 221
192 2 259
192 2 296
192 2 313
192 56 2
192 56 78
192 56 99
192 56 132
192 56 223
192 56 301
192 56 319
192 70 74
192 70 137
192 70 225
192 74 70
192 74 133
192 74 222
192 74 314
192 78 1
192 78 56
192 78 89
192 78 131
192 78 195
192 78 221
192 78 259
192 78 296
192 78 313
192 89 2
192 89 78
192 89 99
192 89 132
192 89 223
192 89 301
192 89 319
192 95 123
192 99 1
192 99 56
192 99 89
192 99 131
192 99 195
192 99 221
192 99 259
192 99 296
192 99 313
192 123 95
192 131 2
192 131 78
192 131 99
192 131 132
192 131 223
192 131 301
192 131 319
192 132 1
192 132 56
192 132 89
192 132 131
192 132 195
192 132 221
192 132 259
192 132 296
192 132 313
192 133 74
192 133 137
192 133 225
192 137 70
192 137 133
192 137 222
192 137 314
192 195 2
192 195 78
192 195 99
192 195 132
192 195 223
192 195 301
192 195 319
192 221 2
192 221 78
192 221 99
192 221 132
192 221 223
192 221 301
192 221 319
192 222 74
192 222 137
192 222 225
192 223 1
192 223 56
192 223 89
192 223 131
192 223 195
192 223 221
192 223 259
192 223 296
192 223 313
192 225 70
192 225 133
192 225 222
192 225 314
192 240 252
192 252 240
192 259 2
192 259 78
192 259 99
192 259 132
192 259 223
192 259 301
192 259 319
192 296 2
192 296 78
192 296 99
192 296 132
192 296 223
192 296 301
192 296 319
192 301 1
192 301 56
192 301 89
192 301 131
192 301 195
192 301 221
192 301 259
192 301 296
192 301 313
192 313 2
192 313 78
192 313 99
192 313 132
192 313 223
192 313 301
192 313 319
192 314 74
192 314 137
192 314 225
192 319 1
192 319 56
192 319 89
192 319 131
192 319 195
192 319 221
192 319 259
192 319 296
192 319 313
193 1 64
193 1 98
193 1 135
193 1 224
193 1 303
193 56 64
193 56 98
193 56 135
193 56 224
193 56 303
193 64 1
193 64 56
193 64 89
193 64 131
193 64 195
193 64 221
193 64 259
193 64 296
193 64 313
193 74 85
193 74 134
193 74 216
193 74 281
193 74 312
193 85 74
193 85 137
193 85 225
193 89 64
193 89 98
193 89 135
193 89 224
193 89 303
193 91 123
193 98 1
193 98 56
193 98 89
193 98 131
193 98 195
193 98 221
193 98 259
193 98 296
193 98 313
193 123 91
193 123 332
193 131 64
193 131 98
193 131 135
193 131 224
193 131 303
193 134 74
193 134 137
193 134 225
193 135 1
193 135 56
193 135 89
193 135 131
193 135 195
193 135 221
193 135 259
193 135 296
193 135 313
193 137 85
193 137 134
193 137 216
193 137 281
193 137 312
193 172 252
193 195 64
193 195 98
193 195 135
193 195 224
193 195 303
193 216 74
193 216 137
193 216 225
193 221 64
193 221 98
193 221 135
193 221 224
193 221 303
193 224 1
193 224 56
193 224 89
193 224 131
193 224 195
193 224 221
193 224 259
193 224 296
193 224 313
193 225 85
193 225 134
193 225 216
193 225 281
193 225 312
193 239 252
193 252 172
193 252 239
193 252 294
193 259 64
193 259 98
193 259 135
193 259 224
193 259 303
193 281 74
193 281 137
193 281 225
193 294 252
193 296 64
193 296 98
193 296 135
193 296 224
193 296 303
193 303 1
193 303 56
193 303 89
193 303 131
193 303 195
193 303 221
193 303 259
193 303 296
193 303 313
193 312 74
193 312 137
193 312 225
193 313 64
193 313 98
193 313 135
193 313 224
193 313 303
193 332 123
194 2 5
194 2 202
194 5 2
194 5 78
194 5 99
194 5 132
194 5 223
194 5 301
194 5 319
194 16 64
194 16 98
194 16 135
194 16 224
194 16 303
194 64 16
194 78 5
194 78 202
194 98 16
194 99 5
194 99 202
194 132 5
194 132 202
194 135 16
194 202 2
194 202 78
194 202 99
194 202 132
194 202 223
194 202 301
194 202 319
194 223 5
194 223 202
194 224 16
194 301 5
194 301 202
194 303 16
194 319 5
194 319 202
195 2 192
195 64 193
195 78 192
195 98 193
195 99 192
195 132 192
195 135 193
195 192 2
195 192 78
195 192 99
195 192 132
195 192 223
195 192 301
195 192 319
195 193 64
195 193 98
195 193 135
195 193 224
195 193 303
195 223 192
195 224 193
195 301 192
195 303 193
195 319 192
195 323 324
202 2 194
202 78 194
202 99 194
202 132 194
202 194 2
202 194 78
202 194 99
202 194 132
202 194 223
202 194 301
202 194 319
202 223 194
202 301 194
202 319 194
203 21 320
203 320 21
204 85 327
204 134 327
204 216 327
204 312 327
204 327 85
204 327 134
204 327 216
204 327 312
216 55 327
216 74 193
216 137 193
216 178 257
216 193 74
216 193 137
216 193 225
216 204 327
216 225 193
216 253 333
216 257 178
216 257 354
216 318 335
216 323 330
216 325 321
216 326 320
216 327 55
216 327 111
216 327 166
216 327 204
216 333 88
216 333 181
216 333 247
216 333 253
216 333 349
216 354 257
221 2 192
221 64 193
221 78 192
221 98 193
221 99 192
221 132 192
221 135 193
221 192 2
221 192 78
221 192 99
221 192 132
221 192 223
221 192 301
221 192 319
221 193 64
221 193 98
221 193 135
221 193 224
221 193 303
221 223 192
221 224 193
221 301 192
221 303 193
221 319 192
221 323 324
222 66 327
222 74 192
222 112 327
222 137 192
222 182 333
222 192 74
222 192 137
222 192 225
222 225 192
222 327 66
222 327 112
222 333 182
223 1 192
223 5 194
223 56 192
223 89 192
223 131 192
223 192 1
223 192 56
223 192 89
223 192 131
223 192 195
223 192 221
223 192 259
223 192 296
223 192 313
223 194 5
223 194 202
223 195 192
223 202 194
223 221 192
223 259 192
223 296 192
223 313 192
224 1 193
224 16 194
224 56 193
224 89 193
224 131 193
224 193 1
224 193 56
224 193 89
224 193 131
224 193 195
224 193 221
224 193 259
224 193 296
224 193 313
224 194 16
224 195 193
224 221 193
224 259 193
224 296 193
224 313 193
225 70 192
225 85 193
225 133 192
225 134 193
225 192 70
225 192 133
225 192 222
225 192 314
225 193 85
225 193 134
225 193 216
225 193 281
225 193 312
225 216 193
225 222 192
225 281 193
225 312 193
225 314 192
239 193 252
239 252 193
240 192 252
240 252 192
241 248 333
241 333 248
247 85 333
247 134 333
247 216 333
247 281 333
247 312 333
247 333 85
247 333 134
247 333 216
247 333 281
247 333 312
248 173 333
248 241 333
248 290 333
248 333 173
248 333 241
248 333 290
248 333 359
248 359 333
252 172 193
252 192 240
252 193 172
252 193 239
252 193 294
252 239 193
252 240 192
252 294 193
253 85 333
253 134 333
253 216 333
253 312 333
253 333 85
253 333 134
253 333 216
253 333 312
257 85 178
257 85 354
257 91 126
257 126 91
257 126 332
257 129 160
257 129 323
257 134 178
257 134 354
257 160 129
257 160 295
257 178 85
257 178 134
257 178 216
257 178 281
257 178 312
257 216 178
257 216 354
257 281 178
257 281 354
257 295 160
257 295 323
257 312 178
257 312 354
257 313 355
257 323 129
257 323 295
257 323 356
257 332 126
257 354 85
257 354 134
257 354 216
257 354 281
257 354 312
257 355 313
257 356 323
259 2 192
259 64 193
259 78 192
259 98 193
259 99 192
259 132 192
259 135 193
259 192 2
259 192 78
259 192 99
259 192 132
259 192 223
259 192 301
259 192 319
259 193 64
259 193 98
259 193 135
259 193 224
259 193 303
259 223 192
259 224 193
259 301 192
259 303 193
259 319 192
259 323 324
259 324 323
271 314 329
271 329 314
281 74 193
281 88 333
281 137 193
281 178 257
281 181 333
281 193 74
281 193 137
281 193 225
281 225 193
281 257 178
281 257 354
281 318 335
281 325 321
281 333 88
281 333 181
281 333 247
281 333 349
281 349 333
281 354 257
290 333 248
294 193 252
294 252 193
295 160 257
295 257 160
295 257 323
295 323 257
296 2 192
296 64 193
296 78 192
296 98 193
296 99 192
296 132 192
296 135 193
296 192 2
296 192 78
296 192 99
296 192 132
296 192 223
296 192 301
296 192 319
296 193 64
296 193 98
296 193 135
296 193 224
296 193 303
296 223 192
296 224 193
296 301 192
296 303 193
296 319 192
296 323 324
301 1 192
301 5 194
301 56 192
301 89 192
301 131 192
301 192 1
301 192 56
301 192 89
301 192 131
301 192 195
301 192 221
301 192 259
301 192 296
301 192 313
301 194 5
301 194 202
301 195 192
301 202 194
301 221 192
301 259 192
301 296 192
301 313 192
303 1 193
303 16 194
303 56 193
303 89 193
303 131 193
303 193 1
303 193 56
303 193 89
303 193 131
303 193 195
303 193 221
303 193 259
303 193 296
303 193 313
303 194 16
303 195 193
303 221 193
303 259 193
303 296 193
303 313 193
306 313 320
306 320 313
312 55 327
312 74 193
312 111 327
312 137 193
312 166 327
312 178 257
312 181 333
312 193 74
312 193 137
312 193 225
312 204 327
312 225 193
312 253 333
312 257 178
312 257 354
312 318 335
312 325 321
312 326 320
312 327 55
312 327 111
312 327 166
312 327 204
312 333 88
312 333 181
312 333 247
312 333 253
312 333 349
312 354 257
313 2 192
313 8 320
313 64 193
313 78 192
313 93 320
313 98 193
313 99 192
313 132 192
313 135 193
313 157 320
313 190 320
313 192 2
313 192 78
313 192 99
313 192 132
313 192 223
313 192 301
313 192 319
313 193 64
313 193 98
313 193 135
313 193 224
313 193 303
313 223 192
313 224 193
313 257 355
313 301 192
313 303 193
313 306 320
313 319 192
313 320 8
313 320 190
313 320 306
313 320 347
313 323 324
313 324 323
313 347 320
313 355 257
314 66 327
314 74 192
314 112 327
314 137 192
314 167 327
314 192 74
314 192 137
314 192 225
314 225 192
314 271 329
314 327 66
314 327 112
314 327 167
314 329 271
314 333 182
317 128 332
319 1 192
319 5 194
319 56 192
319 89 192
319 131 192
319 192 1
319 192 56
319 192 89
319 192 131
319 192 195
319 192 221
319 192 259
319 192 296
319 192 313
319 194 5
319 194 202
319 195 192
319 202 194
319 221 192
319 259 192
319 296 192
319 313 192
320 5 20
320 8 313
320 15 21
320 20 5
320 21 15
320 21 203
320 85 326
320 134 326
320 190 313
320 203 21
320 216 326
320 306 313
320 312 326
320 313 8
320 313 93
320 313 157
320 313 190
320 313 306
320 313 347
320 326 85
320 326 134
320 326 216
320 326 312
320 332 120
320 347 313
321 85 325
321 134 325
321 216 325
321 281 325
321 312 325
321 325 85
321 325 134
321 325 216
321 325 281
321 325 312
323 1 324
323 89 324
323 122 332
323 129 257
323 257 129
323 257 295
323 257 356
323 259 324
323 295 257
323 313 324
323 324 1
323 324 56
323 324 89
323 324 131
323 324 195
323 324 221
323 324 259
323 324 296
323 324 313
323 356 257
324 1 323
324 56 323
324 89 323
324 131 323
324 195 323
324 221 323
324 259 323
324 296 323
324 313 323
324 323 1
324 323 56
324 323 89
324 323 131
324 323 195
324 323 221
324 323 259
324 323 296
324 323 313
325 321 85
325 321 134
325 321 216
325 321 281
325 321 312
326 320 85
326 320 134
326 320 216
326 320 312
327 55 85
327 55 134
327 55 216
327 55 312
327 66 70
327 66 133
327 66 222
327 66 314
327 70 66
327 70 112
327 70 167
327 85 55
327 85 111
327 85 166
327 85 204
327 111 85
327 111 134
327 111 216
327 111 312
327 112 70
327 112 133
327 112 222
327 112 314
327 113 331
327 133 66
327 133 112
327 133 167
327 134 55
327 134 111
327 134 166
327 134 204
327 166 85
327 166 134
327 166 216
327 166 312
327 167 70
327 167 133
327 167 314
327 204 85
327 204 134
327 204 216
327 204 312
327 216 55
327 216 204
327 222 66
327 222 112
327 312 55
327 312 111
327 312 166
327 312 204
327 314 66
327 314 112
327 314 167
327 331 113
329 271 314
329 314 271
330 216 323
331 113 327
331 327 113
332 120 320
332 123 193
332 126 257
332 193 123
332 257 126
332 317 128
332 323 122
333 85 88
333 85 181
333 85 253
333 88 85
333 88 134
333 88 216
333 88 281
333 88 312
333 134 181
333 134 253
333 181 85
333 181 134
333 181 216
333 181 281
333 181 312
333 182 70
333 182 133
333 182 222
333 182 314
333 216 253
333 222 182
333 241 248
333 247 85
333 247 134
333 247 216
333 247 281
333 247 312
333 248 173
333 248 241
333 248 290
333 248 359
333 253 85
333 253 134
333 253 216
333 253 312
333 281 88
333 281 181
333 281 349
333 312 181
333 312 253
333 349 85
333 349 134
333 349 216
333 349 281
333 349 312
335 85 318
335 134 318
335 216 318
335 281 318
335 312 318
347 313 320
347 320 313
349 85 333
349 134 333
349 216 333
349 281 333
349 312 333
349 333 85
349 333 134
349 333 216
349 333 281
349 333 312
354 85 257
354 134 257
354 216 257
354 257 85
354 257 134
354 257 216
354 257 281
354 257 312
354 281 257
354 312 257
355 257 313
355 313 257
356 257 323
356 323 257
359 333 248